[2.1260e+03 2.9000e+01 5.2186e+04 8.5500e+02 3.0600e+02 0.0000e+00
 2.0000e+01 3.0000e+01 3.1660e+03 6.1250e+03], [ 1369.    51. 16285.   942.   525.     0.    39.    36.  1452.  3637.], 0.46835232672727284, 0.14659881387040777, 0.3031186925099657, 0.16622838819927396
[2.094e+03 1.300e+01 5.032e+04 1.032e+03 4.750e+02 0.000e+00 5.000e+00
 1.000e+01 5.862e+03 8.711e+03], [8.440e+02 1.000e+01 8.702e+03 7.150e+02 8.180e+02 0.000e+00 3.000e+00
 1.000e+00 3.225e+03 5.252e+03], 0.5891651640849408, 0.16876900521548385, 0.3781126338965811, 0.2094956718308388
[2.1110e+03 4.4000e+01 5.4077e+04 1.1450e+03 4.3800e+02 0.0000e+00
 1.5000e+01 3.6000e+01 6.6320e+03 9.2280e+03], [  510.    38. 10093.   787.   512.     0.    14.    15.  4044.  4685.], 0.5746015293913543, 0.1866516289739431, 0.38053726225431916, 0.2246228581469874
[3.0370e+03 3.8000e+01 5.4602e+04 1.4150e+03 5.1800e+02 0.0000e+00
 2.2000e+01 1.9000e+01 7.6390e+03 1.0334e+04], [1.175e+03 1.900e+01 9.362e+03 1.698e+03 7.720e+02 0.000e+00 1.600e+01
 8.000e+00 5.142e+03 5.824e+03], 0.5617328552806928, 0.21101779104350205, 0.38793459338072045, 0.22170238235860268
[2.7950e+03 1.0000e+02 5.7720e+04 1.4690e+03 5.3300e+02 0.0000e+00
 2.8000e+01 6.7000e+01 7.1780e+03 1.1276e+04], [  694.    60. 11939.  1047.   490.     0.    20.    39.  3541.  6472.], 0.5879976981007531, 0.23080975062524828, 0.4137516474936607, 0.24585606702488674
[3.6070e+03 3.3000e+01 5.8218e+04 1.5660e+03 4.9300e+02 0.0000e+00
 1.5000e+01 1.5000e+01 8.0690e+03 1.0850e+04], [1.475e+03 1.800e+01 1.154e+04 1.326e+03 4.530e+02 0.000e+00 6.000e+00
 4.000e+00 4.670e+03 5.377e+03], 0.6059832433707908, 0.22124494905975456, 0.4188466944977577, 0.253431134270931
[3.2810e+03 4.5000e+01 6.0904e+04 1.5040e+03 5.7800e+02 0.0000e+00
 3.1000e+01 2.7000e+01 8.3990e+03 1.1012e+04], [9.9800e+02 1.8000e+01 1.4419e+04 1.0230e+03 6.5400e+02 0.0000e+00
 1.9000e+01 1.1000e+01 4.8780e+03 4.9240e+03], 0.6008090820342487, 0.2333039093352816, 0.42367023200596526, 0.2511180495540204
[4.0840e+03 7.4000e+01 5.9413e+04 1.6380e+03 6.3300e+02 0.0000e+00
 2.6000e+01 2.9000e+01 8.8960e+03 1.1932e+04], [1.8180e+03 3.9000e+01 1.2168e+04 1.4280e+03 8.2600e+02 0.0000e+00
 1.1000e+01 1.4000e+01 5.3700e+03 6.6860e+03], 0.5786539233948682, 0.25228506505839754, 0.42226810159682737, 0.25753074372493057
[3.1040e+03 6.6000e+01 6.0983e+04 1.5660e+03 6.0700e+02 0.0000e+00
 4.1000e+01 8.3000e+01 8.3330e+03 1.1896e+04], [  789.    29. 13798.  1066.   624.     0.    28.    28.  4545.  5895.], 0.6053308981578032, 0.24824742041597397, 0.4327213267073383, 0.261848632324211
[4.3190e+03 9.0000e+01 6.1720e+04 1.5380e+03 6.2800e+02 0.0000e+00
 4.7000e+01 7.1000e+01 9.8640e+03 1.2678e+04], [ 1941.    62. 13758.   850.   666.     0.    27.    32.  7001.  7147.], 0.5777964572669005, 0.27034973422179864, 0.43267133521816453, 0.26206409221732313
[4.1020e+03 6.7000e+01 6.1136e+04 1.7580e+03 5.5900e+02 0.0000e+00
 4.9000e+01 5.4000e+01 7.9950e+03 1.2486e+04], [ 1715.    35. 13027.  1498.   496.     0.    31.    25.  3625.  6690.], 0.5891376293233922, 0.2569755768780525, 0.4312655515415441, 0.2595887760962467
[4.0970e+03 1.0800e+02 6.2093e+04 1.7080e+03 6.0900e+02 0.0000e+00
 7.0000e+01 4.9000e+01 1.0038e+04 1.3499e+04], [ 1563.    62. 13776.  1305.   528.     0.    96.    18.  7222.  8652.], 0.5624080571348025, 0.2805344014105315, 0.43099782187234126, 0.2629052876409503
[3.7270e+03 7.3000e+01 6.0776e+04 1.7120e+03 5.8400e+02 0.0000e+00
 4.6000e+01 3.5000e+01 8.3690e+03 1.1966e+04], [1.0970e+03 2.9000e+01 1.1715e+04 1.5280e+03 4.6500e+02 0.0000e+00
 1.6000e+01 5.0000e+00 4.1410e+03 5.3520e+03], 0.6388668792193022, 0.25267686272344114, 0.4532320780947843, 0.28005936482556365
[3.6480e+03 9.1000e+01 6.1842e+04 1.7570e+03 6.9800e+02 0.0000e+00
 4.4000e+01 8.9000e+01 9.1290e+03 1.2366e+04], [  980.    32. 13077.  1209.   859.     0.    23.    34.  4931.  5628.], 0.6111024160045327, 0.2724051003224878, 0.45084844593010615, 0.274772660034379
[4.1690e+03 1.1100e+02 6.2497e+04 1.7980e+03 6.0200e+02 0.0000e+00
 5.6000e+01 1.3700e+02 9.0000e+03 1.2360e+04], [ 1415.    85. 13527.  1560.   486.     0.    36.    86.  4991.  5744.], 0.5772778034778006, 0.2818961743317372, 0.4384549574364677, 0.2684838338826331
