[1.4760e+03 1.4000e+01 4.9934e+04 8.1600e+02 3.8100e+02 0.0000e+00
 3.0000e+00 7.0000e+00 2.8170e+03 4.4880e+03], [5.7700e+02 2.0000e+00 1.2823e+04 4.1100e+02 3.6900e+02 0.0000e+00
 3.0000e+00 7.0000e+00 1.4630e+03 1.5810e+03], 0.5960330120309283, 0.12931179493780767, 0.36555644403332577, 0.20599963820693562
[1.4790e+03 2.3000e+01 5.0728e+04 8.2000e+02 4.0900e+02 0.0000e+00
 1.0000e+01 2.2000e+01 4.9980e+03 6.7850e+03], [  402.    30. 10426.   341.   434.     0.    12.    12.  2636.  2640.], 0.5717419045396255, 0.1510763052229934, 0.3625799097035724, 0.2099790631716215
[2.0410e+03 4.0000e+01 5.2781e+04 9.9900e+02 3.8500e+02 0.0000e+00
 1.8000e+01 2.7000e+01 5.6000e+03 7.6470e+03], [  533.    42. 10046.   527.   386.     0.    14.    18.  2485.  2794.], 0.5862380746649422, 0.16936204743478867, 0.3783926805795399, 0.22288873598839665
[2.6180e+03 1.3000e+01 5.2237e+04 9.8500e+02 4.7100e+02 0.0000e+00
 6.0000e+00 2.0000e+00 5.1580e+03 7.0250e+03], [8.990e+02 3.000e+00 8.995e+03 4.300e+02 6.540e+02 0.000e+00 3.000e+00
 0.000e+00 1.930e+03 1.845e+03], 0.6711134806544146, 0.16549743290021562, 0.4210735252059267, 0.24292175958099516
[2.8490e+03 2.6000e+01 5.1735e+04 1.0980e+03 4.7100e+02 0.0000e+00
 9.0000e+00 1.7000e+01 5.3930e+03 8.0320e+03], [1.096e+03 9.000e+00 7.339e+03 6.290e+02 5.560e+02 0.000e+00 2.000e+00
 2.000e+00 1.973e+03 2.476e+03], 0.664464140530142, 0.17743060215430742, 0.4234627950400528, 0.24604768759150192
[2.0840e+03 4.1000e+01 5.3679e+04 1.1670e+03 4.7900e+02 0.0000e+00
 1.8000e+01 3.6000e+01 5.9780e+03 8.6900e+03], [4.800e+02 2.300e+01 9.042e+03 6.700e+02 4.520e+02 0.000e+00 9.000e+00
 1.400e+01 2.277e+03 2.721e+03], 0.6331410426045682, 0.18582120462706736, 0.4127789207578759, 0.24387127419231908
[3.3000e+03 5.2000e+01 5.3497e+04 8.6600e+02 4.1000e+02 0.0000e+00
 2.2000e+01 7.0000e+00 6.2500e+03 6.8210e+03], [1.361e+03 1.800e+01 8.816e+03 2.860e+02 3.940e+02 0.000e+00 1.000e+01
 4.000e+00 2.555e+03 1.443e+03], 0.643014159290055, 0.1787928010532656, 0.413532291267572, 0.2554602391778233
[2.7590e+03 3.1000e+01 5.4202e+04 1.1580e+03 3.3700e+02 0.0000e+00
 1.4000e+01 1.0000e+01 6.4540e+03 9.4120e+03], [7.700e+02 1.100e+01 8.797e+03 6.440e+02 1.860e+02 0.000e+00 2.000e+00
 1.000e+00 2.312e+03 3.109e+03], 0.6939286520473604, 0.18132914329466013, 0.44110850106012434, 0.269047869971689
[2.6370e+03 3.6000e+01 5.4202e+04 1.1570e+03 5.1800e+02 0.0000e+00
 9.0000e+00 2.6000e+01 5.6130e+03 8.8670e+03], [6.990e+02 5.000e+00 8.247e+03 5.070e+02 5.480e+02 0.000e+00 4.000e+00
 5.000e+00 1.655e+03 2.672e+03], 0.6789442181875488, 0.18792423704472064, 0.4364703949516239, 0.2682768539551469
[2.8000e+03 5.1000e+01 5.2691e+04 1.1720e+03 3.5000e+02 0.0000e+00
 2.1000e+01 4.8000e+01 7.5570e+03 8.2640e+03], [ 762.   15. 6702.  673.  162.    0.   13.   35. 3162. 1886.], 0.6479942332646826, 0.19043785611188052, 0.42155874695991125, 0.2563555672270661
[3.6220e+03 7.1000e+01 5.4447e+04 1.1830e+03 5.2600e+02 0.0000e+00
 1.4000e+01 6.6000e+01 7.2730e+03 8.7460e+03], [1.269e+03 4.300e+01 7.469e+03 5.240e+02 5.140e+02 0.000e+00 4.000e+00
 4.400e+01 2.675e+03 2.038e+03], 0.6361413459224884, 0.2126626860558524, 0.4281902799804853, 0.2541501525630628
[2.7770e+03 3.5000e+01 5.1136e+04 1.2300e+03 5.0500e+02 0.0000e+00
 3.0000e+00 9.0000e+00 6.8650e+03 9.8760e+03], [7.020e+02 6.000e+00 5.943e+03 6.980e+02 6.960e+02 0.000e+00 1.000e+00
 2.000e+00 2.464e+03 3.023e+03], 0.6675907235501699, 0.19134079588291344, 0.431679313379583, 0.2701846122643192
[2.9860e+03 4.9000e+01 5.3435e+04 1.2260e+03 4.6700e+02 0.0000e+00
 6.0000e+00 3.6000e+01 7.5750e+03 9.2470e+03], [8.070e+02 1.800e+01 6.852e+03 6.920e+02 4.070e+02 0.000e+00 3.000e+00
 3.000e+00 2.908e+03 2.433e+03], 0.6682496330383861, 0.1990113773555639, 0.43786670223305224, 0.2653766442911437
[2.9240e+03 4.1000e+01 5.3213e+04 1.2780e+03 4.9300e+02 0.0000e+00
 1.3000e+01 4.0000e+01 6.6900e+03 8.9430e+03], [ 650.   11. 6940.  626.  492.    0.    9.   13. 2248. 2122.], 0.6565285916081585, 0.19781454614873484, 0.4299882288877773, 0.2643071173171437
[3.3860e+03 7.0000e+01 5.6872e+04 1.3500e+03 5.6800e+02 0.0000e+00
 2.0000e+01 7.2000e+01 7.7700e+03 1.0632e+04], [1.017e+03 3.300e+01 9.084e+03 7.260e+02 6.470e+02 0.000e+00 4.000e+00
 3.900e+01 3.229e+03 3.667e+03], 0.6360641658253281, 0.22847660314359083, 0.4369666580625788, 0.2648098981962942
