tp: [ 6837.   193. 74078.  2186.   862.     0.    86.   250. 13724. 19951.], fp: [ 3759.   114. 26750.  1675.   930.     0.    35.   102.  8847. 13752.], precision: 0.5674503301681467, recall: 0.4070046773992179, mAP@50: 0.49698336868576504, mAP: 0.29425628804230347
tp: [ 6122.   234. 73013.  2305.   779.     0.   163.   342. 13548. 19063.], fp: [ 2046.   162. 21908.  1591.   547.     0.   131.   353.  7511. 10556.], precision: 0.5620773971717594, recall: 0.4270234459943471, mAP@50: 0.500112232151941, mAP: 0.29775855538753015
tp: [ 6224.   245. 71595.  2242.   745.     0.   166.   307. 13133. 19632.], fp: [ 2140.   272. 17994.  1416.   389.     0.   202.   228.  7051. 11721.], precision: 0.5587981419459551, recall: 0.42196190304709924, mAP@50: 0.4960796689575354, mAP: 0.2912375467379184
tp: [ 6291.   213. 75247.  2323.   890.     0.   131.   278. 14237. 19995.], fp: [ 2672.   143. 26617.  1631.   853.     0.    79.   143.  9328. 12286.], precision: 0.5645266746867551, recall: 0.4265607272386629, mAP@50: 0.5084306130559886, mAP: 0.3028405686442875
tp: [ 5933.   228. 73776.  2360.   891.     0.   131.   294. 13821. 18995.], fp: [ 1912.   123. 22801.  1810.   848.     0.    86.   140.  7313.  8975.], precision: 0.5863363918248733, recall: 0.42281545111112057, mAP@50: 0.5164965957669965, mAP: 0.31261937749464275
tp: [ 6544.   219. 73523.  2337.   911.     0.   151.   186. 13487. 20035.], fp: [ 2549.   136. 21397.  1537.   914.     0.   137.    62.  6844. 11739.], precision: 0.5781896309208061, recall: 0.4220625940493222, mAP@50: 0.5071735320671394, mAP: 0.3063448874412771
tp: [ 6562.   230. 72951.  2507.   771.     0.   180.   266. 13668. 19556.], fp: [ 2786.   106. 19405.  2231.   390.     0.   248.   115.  7230. 10940.], precision: 0.5782762562005846, recall: 0.4321305896060127, mAP@50: 0.512940111961878, mAP: 0.30824446373020464
tp: [ 6598.   242. 73448.  2236.   887.     0.   135.   323. 14073. 20155.], fp: [ 2536.   159. 20898.  1302.   824.     0.    71.   177.  7608. 11558.], precision: 0.5840523593740727, recall: 0.4343379246041275, mAP@50: 0.5179798672934114, mAP: 0.3083086366684916
tp: [ 6256.   256. 72922.  2312.   820.     0.   171.   400. 13003. 18310.], fp: [ 2133.   217. 18172.  1393.   464.     0.   158.   308.  5457.  7312.], precision: 0.5853578173572738, recall: 0.4370774714543394, mAP@50: 0.5176708164440266, mAP: 0.3106880837812437
tp: [ 6747.   256. 71889.  2137.   873.     0.   161.   346. 13236. 19227.], fp: [ 2791.   180. 16294.   890.   631.     0.   116.   219.  5861.  9168.], precision: 0.5960785619205462, recall: 0.43492094609070353, mAP@50: 0.5220515326150451, mAP: 0.3132064149887463
tp: [ 5616.   220. 72379.  2367.   884.     0.   160.   346. 13603. 19443.], fp: [ 1382.   100. 17151.  1555.   748.     0.    96.   219.  6535.  9733.], precision: 0.6022655211853494, recall: 0.4292489590397701, mAP@50: 0.5215895689932118, mAP: 0.3131572094024993
tp: [ 6593.   266. 73309.  2270.   822.     0.   177.   379. 13330. 19126.], fp: [ 2300.   166. 19386.  1143.   454.     0.   125.   303.  5883.  8453.], precision: 0.5985255796383095, recall: 0.44342658707681026, mAP@50: 0.5293264760774926, mAP: 0.31730625789861144
tp: [ 6461.   249. 74055.  2405.   893.     0.   142.   362. 13804. 20370.], fp: [ 2306.   181. 21308.  1662.   692.     0.    53.   238.  7260. 12066.], precision: 0.5862692593347207, recall: 0.44423063801352064, mAP@50: 0.5257049610799637, mAP: 0.3131441291685605
tp: [ 6728.   270. 73506.  2388.   870.     0.   174.   295. 13474. 19048.], fp: [ 2725.   209. 19252.  1335.   589.     0.   129.   117.  6349.  8240.], precision: 0.5974100277113632, recall: 0.4425484487636659, mAP@50: 0.5283566346438417, mAP: 0.3190524985402033
tp: [ 6820.   263. 72360.  2407.   810.     0.   178.   311. 13587. 19214.], fp: [ 2885.   175. 16734.  1600.   438.     0.   116.   147.  6443.  8528.], precision: 0.6020382645331781, recall: 0.44123199079875997, mAP@50: 0.524219956934501, mAP: 0.31507949193403
tp: [ 6430.   267. 74242.  2477.   834.     0.   181.   352. 12909. 19912.], fp: [ 2313.   266. 20714.  1668.   476.     0.   127.   200.  6144. 10180.], precision: 0.5817671793594983, recall: 0.44806239683929566, mAP@50: 0.5257379937116468, mAP: 0.315718544421714
tp: [ 6637.   259. 73699.  2349.   851.     0.   161.   364. 14211. 19446.], fp: [ 2521.   157. 19398.  1434.   480.     0.    76.   267.  6995.  8536.], precision: 0.6020659580718413, recall: 0.4459968350008204, mAP@50: 0.5332918418222461, mAP: 0.32157488038646087
tp: [ 6571.   270. 74011.  2436.   797.     0.   164.   381. 13404. 19418.], fp: [ 2243.   220. 19323.  1817.   369.     0.    96.   246.  5735.  8741.], precision: 0.5972799876001176, recall: 0.44549040280188884, mAP@50: 0.5301464549000474, mAP: 0.3159498224927842
tp: [ 7047.   229. 74038.  2234.   884.     0.   163.   350. 14042. 19706.], fp: [ 3218.    85. 19935.  1167.   696.     0.    78.   197.  7276.  9348.], precision: 0.6074103438217191, recall: 0.44336843641563917, mAP@50: 0.5313974458674597, mAP: 0.31951361689622476
tp: [ 7047.   255. 72371.  2302.   847.     0.   166.   343. 14030. 20144.], fp: [ 3185.   143. 15674.  1151.   454.     0.   108.   185.  6672. 10712.], precision: 0.6055173379642633, recall: 0.44618127186843476, mAP@50: 0.5313027430899623, mAP: 0.32119228004775996
tp: [ 6199.   223. 75024.  2443.   985.     0.   146.   328. 13660. 19289.], fp: [ 2059.   115. 22193.  1583.   982.     0.    70.   158.  6576.  8577.], precision: 0.6008302350452628, recall: 0.4395963993846162, mAP@50: 0.5376009567344793, mAP: 0.3277363949717508
tp: [ 6697.   237. 75588.  2469.   764.     0.   157.   340. 14459. 20419.], fp: [ 2627.   112. 24090.  1781.   347.     0.    72.   175.  7591. 10724.], precision: 0.6082763506229687, recall: 0.44305904868457413, mAP@50: 0.5365375292810505, mAP: 0.32364543808446655
tp: [ 6725.   235. 74603.  2393.   899.     0.   160.   349. 13168. 19827.], fp: [ 2238.    98. 20710.  1416.   637.     0.    87.   204.  4975.  9673.], precision: 0.6128358541730556, recall: 0.4433629636809318, mAP@50: 0.5403085291789322, mAP: 0.3272606796407921
tp: [ 6624.   268. 74198.  2264.   781.     0.   184.   378. 13384. 19525.], fp: [ 2337.   209. 19806.  1189.   344.     0.   124.   275.  5579.  8888.], precision: 0.6009079284718615, recall: 0.4450240428906671, mAP@50: 0.5352994806976448, mAP: 0.3245379677598531
tp: [ 6950.   278. 73935.  2504.   810.     0.   162.   337. 13920. 20282.], fp: [ 2891.   285. 19306.  1712.   385.     0.   100.   175.  6794. 10634.], precision: 0.5869400183791063, recall: 0.45161842776390204, mAP@50: 0.5309058331895937, mAP: 0.3192615793338872
tp: [ 7144.   245. 74830.  2369.   824.     0.   173.   340. 14040. 20114.], fp: [ 3118.   144. 22165.  1490.   426.     0.   108.   184.  6560. 10043.], precision: 0.5983372391616915, recall: 0.44920341094501365, mAP@50: 0.5369273551292392, mAP: 0.32447753517254796
tp: [ 6920.   257. 74472.  2387.   837.     0.   166.   358. 13836. 19249.], fp: [ 3122.   182. 19792.  1476.   485.     0.   101.   193.  6722.  7898.], precision: 0.5969497054133768, recall: 0.44713606887847507, mAP@50: 0.5315586830294159, mAP: 0.3193612131364519
tp: [ 6843.   246. 73690.  2452.   910.     0.   147.   354. 13991. 19985.], fp: [ 2710.   140. 18990.  1619.   655.     0.    72.   176.  6429.  9808.], precision: 0.6027519564037992, recall: 0.44813609111512764, mAP@50: 0.5330458478179076, mAP: 0.319959274518734
tp: [ 7155.   273. 74694.  2476.   790.     0.   158.   358. 14660. 20148.], fp: [ 3243.   204. 20545.  1635.   367.     0.    69.   168.  7973.  9633.], precision: 0.6031763946794395, recall: 0.4547830117816309, mAP@50: 0.5398151596745746, mAP: 0.32586588109434333
tp: [ 7119.   277. 74596.  2519.   764.     0.   158.   346. 14042. 19913.], fp: [ 2965.   257. 20792.  1723.   332.     0.    76.   143.  6688.  9489.], precision: 0.6034286338237856, recall: 0.450285645453282, mAP@50: 0.5385413718245032, mAP: 0.3254761486713925
tp: [ 6215.   255. 75048.  2391.   819.     0.   159.   344. 13939. 19468.], fp: [ 1668.   154. 20568.  1442.   435.     0.    73.   197.  6149.  8196.], precision: 0.6193646779883204, recall: 0.43926357823150103, mAP@50: 0.5372558633484246, mAP: 0.32642565925629174
tp: [ 6826.   253. 75143.  2442.   839.     0.   164.   305. 14635. 20202.], fp: [ 2649.   111. 21187.  1590.   525.     0.   127.   108.  7965. 10240.], precision: 0.6029416396784504, recall: 0.4481370026502297, mAP@50: 0.5373910446951545, mAP: 0.3255960675418167
tp: [ 6739.   275. 73577.  2266.   815.     0.   171.   429. 13748. 19074.], fp: [ 2418.   280. 18274.  1146.   430.     0.   106.   382.  5654.  7705.], precision: 0.5919212007547451, recall: 0.4505469663579544, mAP@50: 0.5269742819895091, mAP: 0.3161007880086281
tp: [ 6982.   265. 74963.  2452.   854.     0.   176.   360. 14404. 19870.], fp: [ 2808.   175. 20360.  1492.   457.     0.   118.   202.  7082.  9386.], precision: 0.5964672005244658, recall: 0.4581480447788109, mAP@50: 0.5414018725256967, mAP: 0.32675695918030057
tp: [ 6469.   265. 74381.  2519.   842.     0.   161.   397. 14293. 19899.], fp: [ 1849.   162. 18868.  1838.   542.     0.    75.   249.  6989.  9237.], precision: 0.6033602185820474, recall: 0.4546627369009045, mAP@50: 0.5410655468846552, mAP: 0.3278390460928963
tp: [ 6751.   253. 75096.  2324.   874.     0.   154.   391. 14550. 20117.], fp: [ 2492.   191. 21671.  1340.   500.     0.    87.   332.  7409.  9543.], precision: 0.5868454695535518, recall: 0.4523586710788396, mAP@50: 0.535568624374212, mAP: 0.3249919264196862
tp: [ 6927.   259. 75355.  2390.   832.     0.   163.   316. 14375. 20444.], fp: [ 3056.   161. 21576.  1416.   463.     0.    93.   137.  7007. 10199.], precision: 0.603367085203559, recall: 0.4488356042707641, mAP@50: 0.5389348152424611, mAP: 0.325422743364998
tp: [ 6867.   262. 74527.  2385.   838.     0.   158.   381. 14360. 19346.], fp: [ 2575.   157. 21580.  1447.   455.     0.   102.   255.  6795.  7902.], precision: 0.5994734844241092, recall: 0.45027634528197646, mAP@50: 0.5366723753793261, mAP: 0.3255703565263428
tp: [ 6884.   248. 75336.  2214.   876.     0.   147.   431. 14630. 20146.], fp: [ 2685.   140. 23619.  1050.   573.     0.    66.   444.  7430.  9609.], precision: 0.5927664571448443, recall: 0.45305235492968743, mAP@50: 0.5365431884366838, mAP: 0.32213532824125457
tp: [ 6899.   272. 73049.  2414.   862.     0.   145.   314. 13928. 20205.], fp: [ 3052.   221. 17088.  1719.   647.     0.    58.   130.  6345.  9748.], precision: 0.5993535259560538, recall: 0.4443305291458999, mAP@50: 0.5297373668317947, mAP: 0.31767109912795
tp: [ 7287.   269. 74948.  2479.   834.     0.   157.   370. 14455. 20078.], fp: [ 3407.   183. 20613.  1728.   346.     0.    85.   215.  6897.  9409.], precision: 0.5995746783137772, recall: 0.4580610502635265, mAP@50: 0.5398272507486952, mAP: 0.3259313462495151
tp: [ 6523.   259. 73544.  2451.   932.     0.   153.   319. 14441. 20248.], fp: [ 2242.   134. 18665.  1811.   845.     0.    70.   142.  6937.  9845.], precision: 0.6026756531961138, recall: 0.4493047378032025, mAP@50: 0.5394363516206273, mAP: 0.32775118436452566
tp: [ 6949.   278. 75018.  2323.   860.     0.   152.   355. 14316. 20197.], fp: [ 2740.   183. 21417.  1167.   528.     0.    53.   180.  6869.  9666.], precision: 0.6140945402299605, recall: 0.45213622301752343, mAP@50: 0.5431405697847989, mAP: 0.3284257872342984
tp: [ 6950.   255. 75274.  2444.   845.     0.   162.   369. 14306. 19408.], fp: [ 2942.   179. 21917.  1600.   506.     0.    82.   226.  6556.  7980.], precision: 0.5972828529677962, recall: 0.45213149359039806, mAP@50: 0.5421538862031128, mAP: 0.33009653721018123
tp: [ 7127.   258. 74926.  2368.   841.     0.   163.   387. 14572. 19663.], fp: [ 2952.   133. 21177.  1371.   463.     0.    82.   220.  7414.  8556.], precision: 0.6087063686994008, recall: 0.4551401099192668, mAP@50: 0.5452636982888939, mAP: 0.328742531744354
tp: [ 7030.   255. 75632.  2312.   818.     0.   177.   350. 13791. 19823.], fp: [ 3220.   159. 22879.  1189.   405.     0.   137.   157.  6063.  8947.], precision: 0.603627668871608, recall: 0.4488522652946849, mAP@50: 0.5393347406482312, mAP: 0.3249080952176403
tp: [ 6800.   256. 74650.  2450.   864.     0.   158.   389. 14024. 19262.], fp: [ 2496.   118. 20965.  1597.   572.     0.    67.   243.  6607.  7873.], precision: 0.6110235126718015, recall: 0.4513662980203722, mAP@50: 0.5409581982174225, mAP: 0.3262647591596598
tp: [ 6510.   250. 74741.  2483.   873.     0.   178.   358. 14138. 20470.], fp: [ 2109.   100. 20212.  1680.   539.     0.   116.   218.  7030. 10531.], precision: 0.6026697171344961, recall: 0.45497612251638203, mAP@50: 0.5407927932533176, mAP: 0.32813830088344387
tp: [ 7187.   245. 75517.  2555.   839.     0.   157.   341. 14304. 20135.], fp: [ 3315.   112. 21328.  1775.   407.     0.    53.   185.  6467.  9434.], precision: 0.6181157225283496, recall: 0.4531381968354431, mAP@50: 0.5505325283533875, mAP: 0.3368905705401951
tp: [ 6392.   267. 75659.  2384.   880.     0.   181.   366. 14516. 20705.], fp: [ 1799.   154. 22508.  1318.   529.     0.   126.   214.  7081. 10681.], precision: 0.6007135790516617, recall: 0.4591145338043483, mAP@50: 0.5411481104286212, mAP: 0.3295829615749235
